MAP_NUM_ROWS=17
MAP_NUM_COLS=70
MAX_NUM_MOVING_OBJECTS=11
ARRAY_WALLS=[(13,56);(12,46);(8,29);(3,20);(2,13);(2,50);(14,35);(15,25);(13,51);(6,40);(11,25);(1,44);(16,64);(10,53);(5,58);(9,10);(7,23);(1,57);(9,49);(15,12);(3,52);(11,39);(7,68);(6,53);(13,58);(6,28);(6,9);(0,60);(5,66);(8,5);(7,42);(16,19);(4,65);(2,21);(14,13);(14,31);(1,17);(11,56);(16,33);(0,6);(2,59);(8,28);(3,69);(15,59);(5,4);(15,28);(4,31);(14,46);(13,25);(11,33);(12,19);(7,26);(5,15);(4,32);(12,11);(2,60);(12,45);(7,29);(0,1);(5,30);(15,63);(14,23);(2,19);(0,10);(9,39);(11,18);(13,46);(5,14);(7,64);(16,65);(10,35);(3,23);(13,65);(9,66);(11,40);(16,16);(16,42);(7,46);(6,66);(5,49);(11,46);(10,37);(3,41);(2,62);(10,46);(8,22);(2,27);(1,62);(15,36);(1,13);(10,40);(10,20);(9,17);(1,49);(13,5);(11,62);(5,67);(11,51);(12,41);(2,69);(9,14);(3,48);(0,56);(12,38);(13,14);(14,34);(2,9);(2,64);(6,41);(1,52);(7,31);(0,61);(6,12);(11,53);(7,10);(0,38);(13,23);(13,17);(5,10);(15,11);(2,48);(12,52);(4,55);(1,51);(15,14);(4,20);(8,45);(14,24);(1,67);(11,58);(6,62);(0,21);(10,36);(10,24);(0,4);(12,42);(10,64);(15,9);(2,3);(2,12);(3,26);(6,52);(15,39);(13,0);(1,36);(3,18);(3,42);(15,6);(10,28);(12,48);(12,51);(16,11);(16,66);(3,44);(16,29);(0,47);(12,39);(11,27);(13,26);(7,56);(3,57);(3,6);(1,64);(11,14);(7,8);(11,65);(3,17);(6,45);(12,53);(12,0);(9,68);(0,27);(15,69);(6,56);(9,46);(10,29);(4,67);(0,0);(2,67);(11,61);(6,59);(13,10);(1,32);(11,30);(4,40);(3,19);(0,2);(8,30);(1,68);(8,15);(9,50);(1,69)]
ARRAY_FAKE_WALLS=[(11,42);(16,0);(8,43);(2,43);(14,21);(13,21);(0,41);(16,40);(7,24);(0,36);(11,49);(16,69);(8,0);(12,37);(7,20);(16,1);(14,3);(5,36);(7,22);(4,56);(1,27);(15,67);(2,8);(13,16);(10,14);(12,62);(1,37);(3,55);(4,39);(3,25);(4,44);(2,53);(10,59);(8,23);(0,57);(8,24);(14,39);(12,58);(11,35);(9,24);(11,22);(8,57);(4,13);(6,7);(1,2);(1,1);(11,44);(5,7);(6,32);(15,18);(5,46);(15,47);(3,32);(0,54);(8,53);(16,55);(8,33);(8,7);(15,23);(12,3);(16,2);(4,36);(3,12);(4,45);(11,16);(5,41);(7,16);(7,59);(11,15);(12,29);(8,8);(9,44);(5,54);(4,7);(0,11);(5,12);(16,7);(2,28);(8,26);(14,57);(5,29);(10,32);(0,35);(4,17);(15,32);(11,0);(16,24);(9,42);(3,14);(11,9);(6,35);(8,21);(5,61);(8,10);(0,44);(4,16);(15,44);(11,28);(2,17);(0,3);(7,12);(5,53);(3,8);(2,2);(6,10);(1,40);(6,57);(13,27);(5,51);(15,30);(0,7);(5,45);(11,43);(12,55);(8,27);(9,43);(3,45);(9,59);(7,21);(1,33);(14,10);(16,68);(12,50);(12,20);(3,53);(6,8);(14,69);(12,6);(14,61);(2,54);(10,48);(15,45);(15,7);(3,3);(1,8);(4,66);(15,13);(9,57);(7,30);(2,55);(13,2);(8,51);(8,41);(1,60);(0,42);(15,57);(1,56);(8,68);(5,69);(4,9);(4,46);(3,0);(1,41);(13,62);(8,6);(7,13);(4,24);(0,37);(1,3);(1,48);(13,44);(13,20);(15,55);(7,9);(5,59);(14,2);(8,38);(6,38);(7,40);(10,13);(7,60);(15,61);(12,40);(16,37);(14,37);(11,31);(4,6);(1,46);(8,31);(5,65);(7,62);(3,60);(16,20);(3,11);(3,16);(6,1);(8,56);(6,43);(6,44);(9,11);(16,48)]
SHERLOCK_MOVING_RULE=UDDRURDDLDRURRD
SHERLOCK_INIT_POS=(6,14)
SHERLOCK_INIT_HP=50
SHERLOCK_INIT_EXP=848
WATSON_MOVING_RULE=LLUDRULDLDD
WATSON_INIT_POS=(8,64)
WATSON_INIT_HP=302
WATSON_INIT_EXP=430
CRIMINAL_INIT_POS=(14,68)
NUM_STEPS=93